#This is an output from frame2D 
#----Global Displacements----
 0 
 0 
 0 
 838.2277826 
 2.770183518 
-0.07981295371 
 814.9939698 
 73.26430409 
 0.05007437617 
 753.4726388 
-2.770183518 
-0.1402005482 
 0 
 0 
 0 
#----Global Reactions----
-613.1475823 
-443.2293628 
 1692494.863 
 8.709645852e-12 
 8.427715123e-12 
-3.116618075e-12 
 1000 
-1.115552095e-12 
-5.029221484e-11 
 3.023359341e-12 
-1.758593271e-11 
-2.011688593e-10 
-386.8524177 
 443.2293628 
 1247532.14 
#----Internal Forces----
# Bar  1 
 443.2293628 -996.2497602 -2330998.493 -443.2293628  996.2497602 -2650250.308 
# Bar  2 
 7195.955951 -164.6153251 -1307897.95 -7195.955951  164.6153251 -9024.651032 
# Bar  3 
 15174.04117 -193.3446129 -102811.6836 -15174.04117  193.3446129 -863911.381 
# Bar  4 
-443.2293628 -1059.815049 -2929938.718  443.2293628  1059.815049 -2369136.526 
